upperHalf
0	0
1680	0
1680	525
0	525

lowerHalf
0	525
1680	525
1680	1050
0	1050

leftHalf
0	0
840	0
840	1050
0	1050


rightHalf
840	0
1680	0
1680	1050
840	1050

upperLeftQuadrant
0	0
840	0
840	525
0	525

upperRightQuadrant
840	0
1680	0
1680	525
840	525

lowerLeftQuadrant
0	525
840	525
840	1050
0	1050

lowerRightQuadrant
840	525
1680	525
1680	1050
840	1050

jar
400	115
520	115
520	235
400	235 

cookie
420	260
475	260
475	320
420	320

boy
590	165
680	200
605	655
495	617
510	300
595	170

stool
495	617
605	655
522	878
438	869
386	788

girl
255	444
452	350
413	739
386	788
420	845
420	900
325	910

woman
920	145
1020	145
1045	350
985	395
990	455
950	500
990	565
1040	560
1065	670
1010	880
890	890
830	550

plate
1045	350
1110	365
1110	415
1060	460
990	455
985	395

dishcloth
1060	460
1040	560
990	565
950	500
990	455

curtain
970	145
970	90
1480	90
1480	615
1385	575
1425	445
1285	230
1250	120
1210	230
1080	355
1045	350
1020	145

window
1250	120
1285	230
1425	445
1385	575
1055	510
1060	460
1110	415
1110	365
1089	355
1210	230

sink
1055	510
1350	565
1222	672
1055	605
1040	560

water
1222	672
1155	990
890	990
830	940
890	890
1010	880
1065	670
1055	605

dishes
1300	625
1480	625
1480	710
1300	710

